    8.38103e-05
    5.95019e-05
    1.02401e-04
    3.83338e-04
    8.09337e-05
    4.47414e-05
    3.95496e-05
    6.49708e-04
    1.81757e-04
    5.45850e-05
    4.83673e-05
    3.90050e-05
    1.09575e-04
    3.63096e-04
    1.04054e-03
    8.32637e-04
    2.34518e-04
    1.42654e-04
    1.23006e-03
    4.04088e-04
    1.23584e-03
    1.81217e-03
    8.57173e-04
    1.77438e-04
    5.44495e-05
    1.46826e-04
    6.31422e-04
    1.82451e-03
    1.90788e-03
    7.34867e-04
    1.89449e-04
    7.70463e-05
    5.48370e-05
    1.04807e-04
    4.88993e-04
    6.45805e-04
    1.63261e-03
    1.60286e-03
    6.42909e-04
    1.68209e-04
    1.13874e-04
    1.00807e-04
    8.88675e-05
    1.53923e-04
    6.14945e-04
    1.63342e-03
    1.93117e-03
    8.90971e-04
    3.69448e-04
    1.39327e-04
    5.34385e-04
    1.68814e-03
    2.95967e-03
    2.08061e-03
    9.46589e-05
    7.07939e-05
    1.30264e-04
    1.78890e-03
    5.76434e-04
    1.60196e-04
    6.96726e-05
    8.33472e-05
    2.74175e-04
    6.78096e-04
    9.59986e-04
    2.42793e-03
    6.48070e-04
    1.72694e-04
    9.54407e-05
    7.45483e-05
    9.31874e-05
    1.90889e-04
    7.16857e-04
    2.00702e-03
    3.13853e-03
    2.17157e-03
    1.30949e-03
    5.44011e-04
    1.08699e-04
    7.99042e-05
    9.50184e-05
    1.24420e-04
    3.45534e-04
    1.31159e-03
    1.71803e-03
    5.90633e-04
    1.95739e-04
    1.67692e-04
    2.16487e-04
    3.15489e-03
    3.06678e-03
    1.61725e-03
    1.08371e-04
    1.44590e-04
    5.41803e-04
    1.88672e-04
    1.15070e-04
    2.59005e-03
    3.19947e-03
    1.22948e-04
    1.25618e-04
    2.21152e-04
    9.89701e-04
    8.18303e-04
    1.61422e-03
    1.44087e-03
    6.09908e-04
    1.59425e-04
    2.32468e-05
    6.88353e-05
    3.64363e-04
    6.68478e-04
    1.29560e-04
    1.14330e-05
    7.37106e-06
    1.20393e-05
    2.79430e-05
    1.51762e-04
    2.78919e-06
    5.91413e-06
    5.87928e-06
    4.01503e-06
    1.70685e-06
    4.53392e-06
    1.19337e-05
    6.09464e-05
    8.29717e-04
    3.07934e-04
    4.25130e-05
    1.38269e-05
    1.10622e-05
    6.38720e-06
    1.59301e-03
    6.72447e-05
    1.37149e-05
    4.36293e-05
    6.65812e-05
    2.53918e-04
    1.03462e-03
    2.31379e-03
    2.29856e-03
    1.01117e-03
    6.15005e-05
    5.90254e-05
    7.08129e-05
    5.20965e-05
    7.06318e-05
    9.71357e-05
    1.37090e-04
    4.55628e-04
    1.45599e-03
    2.82784e-03
    2.50113e-03
    9.99489e-04
    2.76136e-04
    1.19131e-04
    9.12302e-05
    3.82660e-05
    2.87436e-05
    3.46425e-04
    1.26151e-03
    2.80240e-03
    2.95056e-03
    1.38425e-03
    4.03148e-04
    1.27562e-04
    9.02141e-05
    7.62219e-05
    5.76912e-05
    5.47429e-05
    4.63167e-05
    5.64439e-05
    8.67995e-05
    2.07962e-04
    7.44063e-04
    1.98961e-03
    3.15486e-03
    1.15592e-04
    1.65491e-04
    1.20718e-04
    9.67372e-04
    2.08699e-03
    5.60512e-05
    7.34940e-05
    4.88765e-05
    3.65401e-05
    4.62185e-05
    9.47607e-05
    1.53970e-04
    4.17593e-04
    3.15852e-03
    2.15485e-03
    6.87113e-05
    6.44657e-05
    5.25090e-05
    4.22078e-05
    3.45718e-05
    3.40338e-05
    6.00085e-05
    1.30076e-04
    2.95423e-03
    1.67595e-03
    5.59855e-04
    2.42472e-05
    2.30186e-05
    2.68233e-05
    1.89657e-04
    1.43967e-03
    1.18145e-04
    3.88740e-05
    4.71203e-05
    1.04108e-04
    2.25527e-03
    2.37638e-03
    8.77458e-04
    1.89314e-04
    3.29231e-05
    7.99165e-05
    1.77164e-04
    1.84069e-03
    7.45071e-05
    3.49127e-05
    1.13148e-03
    4.83954e-04
    2.19155e-04
    1.07857e-04
    5.03605e-05
    3.72290e-05
    3.47746e-05
    5.39889e-05
    8.72701e-04
    5.59899e-04
    5.30480e-03
    6.10583e-03
    7.08703e-03
    8.17546e-03
    7.92256e-03
    7.03827e-03
    6.36184e-03
    5.85425e-03
    5.47161e-03
    5.88183e-03
    6.18424e-03
    6.45674e-03
    5.74307e-03
    4.19743e-03
    1.86304e-03
    1.42082e-03
    3.27398e-03
    6.02564e-03
    7.51268e-03
    6.44214e-03
    6.28081e-03
    6.05919e-03
    6.14246e-03
    6.29484e-03
    6.33596e-03
    6.37935e-03
    6.86689e-03
    7.31702e-03
    5.91521e-03
    8.75467e-03
    8.20262e-03
    7.61215e-03
    6.96367e-03
    6.37278e-03
    5.97135e-03
    6.23858e-03
    7.44674e-03
    7.49171e-03
    5.28213e-03
    5.23217e-03
    7.64525e-03
    8.49366e-03
    7.22987e-03
    6.67229e-03
    6.58876e-03
    6.17954e-03
    4.59304e-03
    4.30076e-03
    5.49186e-03
    6.10027e-03
    4.24053e-03
    4.43246e-03
    7.92519e-03
    9.10065e-03
    2.19540e-03
    4.48067e-03
    1.00279e-02
    7.08634e-03
    3.17721e-03
    1.08361e-02
    9.92377e-03
    8.69222e-03
    8.09335e-03
    9.89568e-03
    9.92710e-03
    5.44199e-03
    3.00465e-03
    4.77238e-03
    8.15540e-03
    8.33912e-03
    8.18059e-03
    9.19797e-03
    1.06046e-02
    1.14776e-02
    8.16757e-03
    3.48339e-03
    2.98348e-03
    6.74853e-03
    1.08771e-02
    1.11538e-02
    1.03836e-02
    1.03072e-02
    1.05466e-02
    1.06228e-02
    1.16741e-02
    1.33012e-02
    2.77436e-03
    2.99775e-03
    7.77056e-03
    1.17274e-02
    1.07994e-02
    1.05485e-02
    1.09919e-02
    1.22252e-02
    1.37351e-02
    1.26915e-02
    6.94672e-03
    2.33010e-03
    2.19344e-03
    5.78223e-03
    8.98853e-03
    8.13734e-03
    5.94321e-03
    5.57735e-03
    4.86862e-03
    4.09870e-03
    5.82807e-03
    7.31937e-03
    1.06984e-02
    8.59463e-03
    3.36538e-03
    1.83944e-03
    4.41387e-03
    1.05348e-02
    1.33340e-02
    1.25510e-02
    1.20702e-02
    1.16830e-02
    1.04358e-02
    9.03434e-03
    7.80158e-03
    8.63048e-03
    8.71760e-03
    5.03073e-03
    1.90374e-03
    2.11741e-03
    6.42922e-03
    1.27147e-02
    1.51360e-02
    1.42409e-02
    1.31727e-02
    1.28737e-02
    1.25498e-02
    1.27338e-02
    1.41932e-02
    1.49839e-02
    1.09968e-02
    4.64343e-03
    1.74859e-03
    1.29329e-02
    1.48877e-02
    1.41092e-02
    1.32044e-02
    1.28601e-02
    1.31921e-02
    4.64002e-03
    1.52253e-03
    1.64235e-02
    1.55261e-02
    1.40514e-02
    1.32290e-02
    1.33327e-02
    1.41811e-02
    1.54487e-02
    1.61615e-02
    1.33908e-02
    6.77713e-03
    2.13547e-03
    1.67239e-03
    5.22914e-03
    6.08119e-03
    1.05595e-02
    1.21810e-02
    8.07658e-03
    3.53870e-03
    1.50120e-03
    2.66420e-03
    7.92362e-03
    1.34994e-02
    1.46481e-02
    1.35360e-02
    1.26530e-02
    1.23003e-02
    1.21452e-02
    1.57175e-02
    1.52417e-02
    9.91613e-03
    3.64948e-03
    1.66753e-03
    3.50967e-03
    8.15710e-03
    8.98448e-03
    8.85715e-03
    9.10018e-03
    4.03811e-03
    3.65615e-03
    6.34237e-03
    8.41439e-03
    1.00988e-02
    1.16427e-02
    1.19268e-02
    8.47802e-03
    3.46737e-03
    1.74740e-03
    3.84443e-03
    9.81478e-03
    1.39459e-02
    1.34948e-02
    1.18989e-02
    1.08385e-02
    1.02559e-02
    1.00221e-02
    1.01685e-02
    1.03032e-02
    1.10202e-02
    1.30157e-02
    1.28975e-02
    7.30847e-03
    3.06086e-03
    3.76679e-03
    1.06027e-02
    4.86677e-03
    2.18427e-03
    1.92633e-03
    7.61773e-04
    2.22198e-03
    5.67082e-03
    8.24743e-03
    1.04088e-02
    1.26333e-02
    1.17011e-02
    6.51737e-03
    4.41798e-03
    7.15951e-03
    1.17466e-02
    1.20455e-02
    1.04290e-02
    9.38501e-03
    8.93294e-03
    8.75528e-03
    8.37935e-03
    8.07441e-03
    8.10016e-03
    8.57848e-03
    8.96532e-03
    7.88972e-03
    7.84808e-03
    8.71680e-03
    9.02037e-03
    7.78514e-03
    6.80989e-03
    5.86187e-03
    4.59253e-03
    2.77931e-03
    6.30429e-04
    2.67147e-02
    3.11766e-03
    4.28209e-03
    4.97027e-03
    5.00516e-03
    7.34643e-03
    5.87294e-03
    4.28866e-03
    4.67650e-03
    8.77380e-03
    1.26362e-02
    1.37546e-03
    3.27217e-03
    8.36684e-03
    9.86663e-03
    1.22405e-02
    1.31205e-02
    8.73846e-03
    4.05945e-03
    4.09116e-03
    8.88110e-03
    1.37981e-02
    1.07782e-02
    1.00314e-02
    9.62837e-03
    9.43146e-03
    9.32734e-03
    9.46870e-03
    1.00184e-02
    1.09665e-02
    1.17013e-02
    9.95268e-03
    5.21364e-03
    2.34838e-03
    3.12297e-03
    6.98204e-03
    8.50963e-03
    6.25795e-03
    4.01684e-03
    3.34456e-03
    2.36531e-03
    1.99951e-03
    5.01007e-03
    4.04172e-03
    2.53228e-03
    5.01663e-03
    7.05802e-03
    8.07077e-03
    7.59101e-03
    4.29276e-03
    1.96147e-03
    2.67592e-03
    7.21746e-03
    1.26696e-02
    1.42480e-02
    1.32768e-02
    1.20538e-02
    1.11455e-02
    1.06581e-02
    1.05422e-02
    1.04652e-02
    9.93449e-03
    8.90026e-03
    8.65138e-03
    9.60681e-03
    9.25163e-03
    5.60493e-03
    2.20742e-03
    1.79907e-03
    4.82340e-03
    1.09552e-02
    1.50491e-02
    1.50714e-02
    1.36835e-02
    1.25187e-02
    1.16656e-02
    1.09533e-02
    1.08725e-02
    1.16133e-02
    1.27872e-02
    1.42452e-02
    1.59804e-02
    1.60260e-02
    1.15143e-02
    5.06003e-03
    1.92206e-03
    2.37940e-03
    6.84230e-03
    1.30196e-02
    1.48682e-02
    9.26041e-03
    1.04771e-02
    1.16127e-02
    1.28511e-02
    1.44434e-02
    1.60371e-02
    1.55869e-02
    1.07397e-02
    4.48244e-03
    1.73939e-03
    2.47434e-03
    6.94235e-03
    1.25501e-02
    1.18936e-02
    1.17894e-02
    1.16821e-02
    1.15447e-02
    1.34324e-02
    1.49478e-02
    1.53356e-02
    1.19132e-02
    5.74896e-03
    2.08375e-03
    2.04175e-03
    5.35785e-03
    1.03264e-02
    1.09809e-02
    7.38066e-03
    8.18777e-03
    1.36068e-02
    1.26574e-02
    6.34044e-03
    2.45441e-03
    9.36616e-03
    1.20029e-02
    1.42373e-02
    1.39599e-02
    9.21615e-03
    3.80121e-03
    1.95340e-03
    3.38150e-03
    8.42904e-03
    1.37795e-02
    1.52029e-02
    1.38629e-02
    1.18439e-02
    9.75536e-03
    8.51865e-03
    8.64686e-03
    9.47750e-03
    9.91161e-03
    1.01019e-02
    1.07183e-02
    1.20423e-02
    1.34235e-02
    1.27145e-02
    8.21224e-03
    3.40955e-03
    2.02847e-03
    4.03558e-03
    9.44853e-03
    1.37803e-02
    1.40361e-02
    1.08705e-02
    1.13690e-02
    1.22401e-02
    1.32584e-02
    1.29490e-02
    9.29608e-03
    4.29529e-03
    2.17231e-03
    3.15855e-03
    6.72414e-03
    9.71350e-03
    1.02097e-02
    9.66761e-03
    8.91292e-03
    8.26217e-03
    7.56229e-03
    6.01248e-03
    3.20606e-03
    1.75071e-03
    1.95571e-03
    2.66522e-03
    1.18786e-02
    1.10860e-02
    6.97714e-03
    3.30014e-03
    2.79974e-03
    5.17949e-03
    8.25434e-03
    8.00874e-03
    5.58631e-03
    4.47578e-03
    5.63605e-03
    7.22121e-03
    8.08138e-03
    8.24689e-03
    7.74058e-03
    7.25498e-03
    7.50823e-03
    8.47140e-03
    9.69010e-03
    1.05775e-02
    1.14354e-02
    1.07964e-02
    6.88229e-03
    3.44969e-03
    3.41108e-03
    5.90259e-03
    4.54595e-03
    3.85217e-03
    4.37205e-03
    1.74534e-03
    1.66070e-03
    1.48205e-03
    1.84602e-03
    2.84524e-03
    5.23317e-03
    8.38368e-03
    4.29394e-03
    6.10117e-03
    6.16495e-03
    5.59938e-03
    4.95720e-03
    2.94596e-03
    9.24930e-03
    1.84849e-03
    1.90617e-03
    4.64746e-03
    6.97950e-03
    9.08623e-03
    6.45794e-03
    5.87218e-03
    6.10106e-03
    3.24121e-03
    7.75018e-03
    8.01259e-03
    8.41170e-03
    8.94284e-03
    9.11591e-03
    8.97704e-03
    8.55592e-03
    6.00714e-03
    5.56390e-03
    6.64944e-03
    7.38179e-03
    7.82672e-03
    7.40750e-03
    7.52371e-03
    7.18534e-03
    7.99637e-03
    8.70045e-03
    8.38588e-03
    6.16343e-03
    5.71945e-03
    3.40493e-03
    3.77783e-03
    1.96602e-03
    7.95202e-04
    3.03899e-03
    5.17047e-03
    5.16785e-03
    2.04304e-01
    3.22202e-02
    3.38159e+07
    2.91667e+00
