    9.67878e-01
    9.95929e-01
    9.63615e-01
    8.85347e-01
    9.70878e-01
    9.87317e-01
    9.90662e-01
    8.45669e-01
    9.32258e-01
    9.68188e-01
    9.62344e-01
    9.66702e-01
    9.63425e-01
    8.90473e-01
    7.96054e-01
    8.22539e-01
    9.31655e-01
    9.77352e-01
    7.72649e-01
    8.88367e-01
    7.66636e-01
    7.08852e-01
    8.12993e-01
    9.42174e-01
    9.76060e-01
    9.56937e-01
    8.59079e-01
    6.94742e-01
    6.90361e-01
    8.37263e-01
    9.41089e-01
    9.65623e-01
    9.71361e-01
    9.54831e-01
    8.95080e-01
    7.50345e-01
    5.74972e-01
    6.04915e-01
    7.91253e-01
    8.95650e-01
    8.66639e-01
    7.74923e-01
    7.35138e-01
    7.80455e-01
    7.54498e-01
    5.88225e-01
    5.66993e-01
    7.44089e-01
    8.81064e-01
    9.09353e-01
    8.83178e-01
    7.10613e-01
    5.77463e-01
    6.66108e-01
    9.66572e-01
    9.66032e-01
    9.53064e-01
    6.99290e-01
    8.73131e-01
    9.25669e-01
    9.36925e-01
    9.34413e-01
    8.99715e-01
    8.58325e-01
    7.84322e-01
    6.09191e-01
    8.78159e-01
    9.41375e-01
    9.59789e-01
    9.58673e-01
    9.42388e-01
    9.21721e-01
    8.59967e-01
    6.60461e-01
    5.08921e-01
    5.65873e-01
    7.31708e-01
    8.38999e-01
    9.14368e-01
    9.53711e-01
    9.61051e-01
    9.56324e-01
    9.22229e-01
    7.89005e-01
    7.18043e-01
    8.93374e-01
    9.51850e-01
    9.66704e-01
    9.69391e-01
    5.56829e-01
    5.64521e-01
    7.60672e-01
    9.44791e-01
    9.62275e-01
    9.10142e-01
    9.55421e-01
    9.64998e-01
    6.66772e-01
    5.72080e-01
    9.11532e-01
    8.46010e-01
    8.08546e-01
    7.37882e-01
    7.89029e-01
    6.29217e-01
    6.07371e-01
    7.60969e-01
    9.04971e-01
    9.81034e-01
    9.65540e-01
    8.97105e-01
    8.53462e-01
    9.50481e-01
    9.91679e-01
    9.84333e-01
    9.85485e-01
    9.80377e-01
    9.41586e-01
    1.00345e+00
    1.00250e+00
    1.00371e+00
    1.00413e+00
    1.00168e+00
    9.96289e-01
    9.86179e-01
    9.66057e-01
    8.29637e-01
    8.96282e-01
    9.62660e-01
    9.85604e-01
    9.90380e-01
    9.82761e-01
    6.20480e-01
    9.58475e-01
    9.86123e-01
    9.83126e-01
    9.69534e-01
    9.28227e-01
    8.03568e-01
    6.59716e-01
    6.70387e-01
    8.14424e-01
    9.82959e-01
    9.89021e-01
    9.88697e-01
    9.86265e-01
    9.82201e-01
    9.77042e-01
    9.62209e-01
    9.04463e-01
    7.53395e-01
    6.07530e-01
    6.38993e-01
    8.02859e-01
    9.05407e-01
    9.18455e-01
    9.13280e-01
    8.72399e-01
    8.69497e-01
    8.55646e-01
    7.43565e-01
    5.82492e-01
    5.75212e-01
    7.32362e-01
    8.81230e-01
    9.39633e-01
    9.62023e-01
    9.64611e-01
    9.44159e-01
    8.84410e-01
    8.44688e-01
    8.65715e-01
    9.16807e-01
    9.18753e-01
    8.31624e-01
    6.40348e-01
    5.40737e-01
    9.64369e-01
    9.62655e-01
    9.61468e-01
    9.45291e-01
    6.44339e-01
    9.78574e-01
    9.83373e-01
    9.84027e-01
    9.82475e-01
    9.76064e-01
    9.58497e-01
    9.40569e-01
    9.12918e-01
    5.28698e-01
    6.14045e-01
    9.23627e-01
    8.80931e-01
    8.78224e-01
    9.17677e-01
    9.44672e-01
    9.49247e-01
    9.54874e-01
    9.46080e-01
    5.53748e-01
    7.17773e-01
    8.74973e-01
    9.52649e-01
    9.42792e-01
    9.27377e-01
    6.54019e-01
    6.67322e-01
    9.42783e-01
    9.62280e-01
    9.49423e-01
    8.97268e-01
    5.72398e-01
    5.74988e-01
    7.72534e-01
    8.45387e-01
    9.73129e-01
    9.49001e-01
    9.28732e-01
    6.70258e-01
    9.63705e-01
    9.77627e-01
    6.16591e-01
    7.58347e-01
    8.87426e-01
    9.40980e-01
    9.53763e-01
    9.69630e-01
    9.69929e-01
    9.76697e-01
    8.00787e-01
    7.86029e-01
    8.02724e-01
    9.58853e-01
    8.97215e-01
    7.63653e-01
    8.06412e-01
    9.68985e-01
    1.02987e+00
    9.38945e-01
    6.73030e-01
    4.12619e-01
    4.55291e-01
    7.08281e-01
    9.15136e-01
    1.02746e+00
    1.05965e+00
    1.05519e+00
    1.03144e+00
    9.18371e-01
    6.72549e-01
    6.37783e-01
    8.95018e-01
    1.00711e+00
    1.04664e+00
    1.06453e+00
    1.04800e+00
    9.77486e-01
    8.72031e-01
    6.79832e-01
    3.90414e-01
    4.51030e-01
    6.52787e-01
    8.59823e-01
    9.46615e-01
    9.72403e-01
    9.89442e-01
    9.51297e-01
    8.10271e-01
    5.39974e-01
    2.66319e-01
    2.27886e-01
    4.43145e-01
    6.95644e-01
    8.55942e-01
    9.07945e-01
    8.04342e-01
    6.30802e-01
    5.99937e-01
    6.66252e-01
    6.07093e-01
    3.93093e-01
    1.85320e-01
    1.70488e-01
    3.39614e-01
    5.65341e-01
    9.51972e-01
    9.60606e-01
    6.06925e-01
    3.46390e-01
    1.42450e-01
    6.03647e-01
    7.99518e-01
    8.87837e-01
    9.14657e-01
    7.06522e-01
    4.67557e-01
    2.17447e-01
    9.79602e-02
    1.56169e-01
    2.79467e-01
    3.77951e-01
    5.37754e-01
    8.57748e-01
    7.55274e-01
    5.64328e-01
    3.15720e-01
    1.27768e-01
    1.02055e-01
    2.49760e-01
    4.86058e-01
    6.91016e-01
    8.06671e-01
    8.36107e-01
    7.52101e-01
    5.83380e-01
    5.10265e-01
    5.25123e-01
    9.31919e-02
    9.78188e-02
    2.49096e-01
    7.77169e-01
    8.32426e-01
    8.55612e-01
    8.41670e-01
    7.77002e-01
    6.46506e-01
    4.42932e-01
    2.22692e-01
    8.37672e-02
    7.32574e-02
    1.83397e-01
    3.61226e-01
    5.39422e-01
    6.81519e-01
    7.73827e-01
    7.97893e-01
    7.53592e-01
    6.82724e-01
    6.02982e-01
    4.64968e-01
    2.66587e-01
    1.07063e-01
    5.64833e-02
    1.22601e-01
    2.57586e-01
    3.58502e-01
    4.55161e-01
    6.10673e-01
    7.45698e-01
    7.78414e-01
    7.43167e-01
    6.49984e-01
    4.96573e-01
    3.10640e-01
    1.47862e-01
    5.73509e-02
    6.42382e-02
    1.77857e-01
    3.69555e-01
    5.59055e-01
    6.90009e-01
    7.57691e-01
    7.53293e-01
    6.47551e-01
    5.26968e-01
    4.86352e-01
    4.41455e-01
    2.93481e-01
    1.32702e-01
    5.47166e-02
    3.93363e-01
    5.77061e-01
    7.04191e-01
    7.76299e-01
    8.04038e-01
    7.95282e-01
    1.34571e-01
    5.34446e-02
    5.67331e-01
    6.98938e-01
    7.67865e-01
    7.95153e-01
    7.98277e-01
    7.71561e-01
    6.96868e-01
    5.62163e-01
    3.72905e-01
    1.84325e-01
    6.94672e-02
    5.45420e-02
    7.26130e-01
    6.27677e-01
    4.72488e-01
    3.21605e-01
    1.98575e-01
    9.95918e-02
    4.89116e-02
    8.55483e-02
    2.20546e-01
    4.15290e-01
    5.97036e-01
    7.26348e-01
    8.00780e-01
    8.17777e-01
    7.55143e-01
    5.90646e-01
    4.65433e-01
    2.70758e-01
    1.13498e-01
    5.69753e-02
    1.16743e-01
    2.72755e-01
    4.42987e-01
    5.48529e-01
    6.32889e-01
    7.43393e-01
    8.36896e-01
    8.71349e-01
    8.58655e-01
    8.04648e-01
    6.97215e-01
    5.22736e-01
    3.05681e-01
    1.29561e-01
    6.48054e-02
    1.34401e-01
    3.20119e-01
    5.48513e-01
    7.31772e-01
    8.44425e-01
    9.02916e-01
    9.26462e-01
    9.32409e-01
    9.26829e-01
    8.96268e-01
    8.23208e-01
    6.90588e-01
    4.83807e-01
    2.52210e-01
    1.08741e-01
    1.35019e-01
    6.41589e-01
    7.19278e-01
    7.77958e-01
    8.16598e-01
    8.70079e-01
    9.36189e-01
    9.65109e-01
    9.44807e-01
    8.81043e-01
    7.44977e-01
    5.11681e-01
    2.61905e-01
    1.63414e-01
    3.02379e-01
    5.71640e-01
    8.09083e-01
    9.48057e-01
    1.01622e+00
    1.05282e+00
    1.06683e+00
    1.03284e+00
    9.82103e-01
    9.86747e-01
    1.02710e+00
    1.01951e+00
    4.68362e-01
    4.03784e-01
    6.09661e-01
    8.73330e-01
    1.02255e+00
    1.08667e+00
    1.11340e+00
    1.12079e+00
    1.11066e+00
    1.07730e+00
    7.97720e-01
    1.03369e+00
    1.06447e+00
    1.04918e+00
    9.77354e-01
    5.63888e-01
    3.42772e-01
    2.10773e-01
    2.84475e-01
    4.50259e-01
    6.06388e-01
    1.00167e+00
    1.03705e+00
    9.52620e-01
    8.64036e-01
    7.54646e-01
    5.80752e-01
    3.40117e-01
    1.54674e-01
    1.49243e-01
    3.26569e-01
    5.74455e-01
    9.61392e-01
    9.90791e-01
    1.00313e+00
    1.00221e+00
    9.82150e-01
    9.45803e-01
    8.91277e-01
    7.96890e-01
    6.35714e-01
    4.14133e-01
    2.01918e-01
    8.68141e-02
    1.14416e-01
    2.66540e-01
    4.65240e-01
    6.36526e-01
    7.63702e-01
    8.49367e-01
    8.76104e-01
    8.41008e-01
    7.93460e-01
    7.86943e-01
    8.07775e-01
    7.91787e-01
    7.02762e-01
    5.35938e-01
    3.28967e-01
    1.54509e-01
    6.83845e-02
    9.02642e-02
    2.21406e-01
    4.21868e-01
    6.15746e-01
    7.52278e-01
    8.26119e-01
    8.64846e-01
    8.92481e-01
    9.09068e-01
    8.95720e-01
    8.37528e-01
    7.31787e-01
    6.14084e-01
    4.99226e-01
    3.55283e-01
    1.91681e-01
    7.91407e-02
    6.11009e-02
    1.43422e-01
    3.10398e-01
    5.08572e-01
    6.74755e-01
    7.86553e-01
    8.53911e-01
    8.92510e-01
    9.09308e-01
    9.07997e-01
    8.88177e-01
    8.43583e-01
    7.72044e-01
    6.67770e-01
    5.12978e-01
    3.18042e-01
    1.48608e-01
    6.26458e-02
    7.54494e-02
    1.87127e-01
    3.68469e-01
    5.51571e-01
    8.99513e-01
    9.02601e-01
    8.85612e-01
    8.46314e-01
    7.75532e-01
    6.59814e-01
    4.90206e-01
    2.92035e-01
    1.30338e-01
    5.46887e-02
    7.52098e-02
    1.88775e-01
    3.67700e-01
    7.99448e-01
    8.61714e-01
    8.93954e-01
    9.06641e-01
    7.92171e-01
    6.90270e-01
    5.34043e-01
    3.39751e-01
    1.66024e-01
    6.85370e-02
    6.54771e-02
    1.55848e-01
    3.18214e-01
    4.88542e-01
    5.92342e-01
    6.15489e-01
    6.24706e-01
    6.76923e-01
    7.58800e-01
    8.26243e-01
    8.29528e-01
    7.59132e-01
    6.38624e-01
    4.62629e-01
    2.66044e-01
    1.17931e-01
    6.09191e-02
    1.03687e-01
    2.40759e-01
    4.35413e-01
    6.22638e-01
    7.58373e-01
    8.41062e-01
    8.87589e-01
    9.15303e-01
    9.32276e-01
    9.32416e-01
    9.08653e-01
    8.63118e-01
    8.01253e-01
    7.23875e-01
    6.10240e-01
    4.42273e-01
    2.50746e-01
    1.09433e-01
    6.37032e-02
    1.24148e-01
    2.78132e-01
    4.72950e-01
    6.41326e-01
    9.34289e-01
    8.90887e-01
    8.15384e-01
    6.90543e-01
    5.07540e-01
    2.99935e-01
    1.36963e-01
    6.70316e-02
    1.00748e-01
    2.27333e-01
    4.17302e-01
    6.11298e-01
    7.58559e-01
    8.48227e-01
    9.02754e-01
    9.36591e-01
    9.39038e-01
    9.08020e-01
    8.72206e-01
    8.61352e-01
    8.65140e-01
    6.28906e-01
    4.26444e-01
    2.28725e-01
    1.03860e-01
    8.64038e-02
    1.77010e-01
    3.31971e-01
    5.01166e-01
    6.58942e-01
    7.97034e-01
    8.97744e-01
    9.54106e-01
    9.80490e-01
    9.83074e-01
    9.49649e-01
    8.97230e-01
    8.76485e-01
    8.87342e-01
    8.70964e-01
    7.78270e-01
    6.18608e-01
    4.20199e-01
    2.30856e-01
    1.09643e-01
    1.06729e-01
    2.22745e-01
    6.94678e-01
    7.64202e-01
    8.83256e-01
    8.43299e-01
    8.75967e-01
    8.96914e-01
    8.75317e-01
    8.15492e-01
    7.12748e-01
    5.45055e-01
    1.68496e-01
    3.00377e-01
    4.35451e-01
    5.79821e-01
    9.60835e-01
    9.85555e-01
    8.33103e-01
    8.84767e-01
    9.00030e-01
    8.20041e-01
    6.74979e-01
    5.15583e-01
    9.67858e-01
    8.01692e-01
    6.96568e-01
    9.28043e-01
    4.16136e-01
    6.26228e-01
    1.07500e+00
    1.10955e+00
    1.12202e+00
    1.12309e+00
    1.11412e+00
    9.45000e-01
    7.86181e-01
    1.09457e+00
    1.10715e+00
    1.06139e+00
    9.75648e-01
    9.84678e-01
    4.51145e-01
    1.00207e+00
    1.05783e+00
    1.03093e+00
    4.46718e-01
    5.49120e-01
    9.88569e-01
    8.00746e-01
    8.54208e-01
    9.46693e-01
    1.09911e+00
    1.10371e+00
    6.25144e-01
    7.41219e-01
    6.52019e-01
    9.52992e+04
    2.01850e+03
