    1.16540e-04
    3.22696e-04
    2.53575e-04
    7.68166e-05
    3.66183e-05
    3.16981e-05
    4.01923e-05
    8.63397e-05
    3.22281e-04
    5.01614e-04
    2.29743e-04
    5.71884e-05
    3.22568e-05
    2.91286e-05
    5.32041e-05
    1.80715e-04
    6.02565e-04
    5.52213e-04
    1.67183e-04
    5.24464e-05
    4.20185e-05
    3.44156e-05
    7.30557e-05
    2.98135e-04
    8.51933e-04
    6.72124e-04
    2.01340e-04
    1.16637e-04
    6.25161e-05
    4.42955e-05
    1.01049e-04
    3.68227e-04
    1.06697e-03
    1.00819e-03
    3.43012e-04
    8.07300e-05
    6.31742e-05
    2.75317e-05
    5.57041e-05
    2.51656e-04
    9.80746e-04
    1.44602e-03
    6.88308e-04
    1.55539e-04
    4.63007e-05
    3.74518e-05
    4.18266e-05
    1.13453e-04
    4.81557e-04
    1.42030e-03
    1.49867e-03
    5.95849e-04
    1.42701e-04
    5.61443e-05
    4.40173e-05
    5.41697e-05
    1.56416e-04
    5.04599e-04
    1.25765e-03
    1.23308e-03
    5.14279e-04
    1.44577e-04
    9.91168e-05
    8.65709e-05
    5.87262e-05
    1.07137e-04
    4.57358e-04
    1.23468e-03
    1.44436e-03
    6.62558e-04
    3.73875e-04
    4.31837e-04
    1.63092e-04
    4.82761e-05
    1.00836e-04
    4.08938e-04
    1.26777e-03
    2.18987e-03
    1.57083e-03
    5.93558e-04
    1.47285e-04
    6.56583e-05
    5.11392e-05
    6.84095e-05
    1.64117e-04
    6.20437e-04
    1.62353e-03
    2.26304e-03
    1.36228e-03
    4.63669e-04
    1.17398e-04
    5.98462e-05
    1.02260e-04
    4.19756e-04
    1.02826e-03
    1.03196e-03
    1.48979e-03
    2.25672e-03
    1.43707e-03
    5.19285e-04
    1.36215e-04
    6.47053e-05
    5.61166e-05
    7.24687e-05
    1.60247e-04
    6.04414e-04
    1.53091e-03
    2.29788e-03
    1.61486e-03
    6.52374e-04
    1.58952e-04
    7.28736e-05
    5.37066e-05
    5.85477e-05
    9.57374e-05
    2.86715e-04
    1.06091e-03
    2.09699e-03
    2.31584e-03
    1.33451e-03
    4.75660e-04
    1.26653e-04
    5.71863e-05
    6.45457e-05
    6.54743e-05
    1.03463e-04
    3.86256e-04
    1.30908e-03
    2.43032e-03
    2.36403e-03
    1.30663e-03
    4.40903e-04
    1.26548e-04
    5.60678e-05
    4.25476e-05
    5.24923e-05
    1.01097e-04
    3.34110e-04
    1.20127e-03
    2.37260e-03
    2.42827e-03
    1.30136e-03
    4.25033e-04
    1.38311e-04
    8.09464e-05
    5.54712e-05
    4.55909e-05
    6.41370e-05
    1.71502e-04
    7.52386e-04
    1.81231e-03
    2.46987e-03
    1.51463e-03
    5.44481e-04
    1.21679e-04
    4.18789e-05
    3.12233e-05
    4.10527e-05
    7.47451e-05
    7.89402e-05
    1.77201e-04
    8.14340e-04
    1.87725e-03
    1.95290e-03
    9.56506e-04
    2.70858e-04
    7.12029e-05
    5.10756e-05
    3.92784e-05
    2.60056e-05
    3.95098e-05
    5.54123e-05
    1.96522e-04
    6.96812e-04
    1.37208e-03
    1.21155e-03
    5.10008e-04
    1.38312e-04
    3.29387e-05
    1.37004e-05
    9.71186e-06
    1.08536e-05
    1.20740e-05
    1.81324e-05
    5.61311e-05
    3.28373e-04
    1.07688e-03
    1.29330e-03
    5.73715e-04
    1.10568e-04
    2.19688e-05
    1.00807e-05
    4.45621e-06
    7.67899e-06
    5.54120e-06
    4.81377e-06
    7.43787e-06
    2.49759e-05
    1.45046e-04
    3.36893e-04
    2.78383e-04
    9.76252e-05
    2.16551e-05
    7.62895e-06
    3.93741e-06
    4.18803e-06
    2.43577e-06
    2.24268e-06
    3.32578e-06
    2.79731e-06
    2.83940e-06
    2.49215e-06
    2.58900e-06
    2.14237e-06
    3.38238e-06
    9.89527e-06
    5.10873e-05
    2.80110e-04
    7.55468e-04
    7.38796e-04
    2.62312e-04
    3.43775e-05
    9.11529e-06
    8.18531e-06
    5.78043e-06
    5.17457e-06
    5.78208e-06
    1.09862e-05
    3.82438e-05
    8.44483e-05
    1.99246e-04
    8.15405e-04
    1.33780e-03
    8.58955e-04
    2.23905e-04
    4.67508e-05
    1.83614e-05
    1.16347e-05
    9.61025e-06
    1.14911e-05
    1.63963e-05
    2.19638e-05
    5.19434e-05
    2.18288e-04
    8.87984e-04
    1.92874e-03
    1.90404e-03
    8.36167e-04
    2.41144e-04
    7.56407e-05
    3.26652e-05
    1.78235e-05
    1.57324e-05
    1.66744e-05
    2.18133e-05
    3.77806e-05
    9.01147e-05
    3.68831e-04
    1.21125e-03
    2.30082e-03
    2.04295e-03
    8.15229e-04
    2.13212e-04
    6.40877e-05
    4.33468e-05
    3.70350e-05
    3.40790e-05
    2.37718e-05
    2.00344e-05
    2.97449e-05
    6.33127e-05
    2.68472e-04
    1.01573e-03
    2.25765e-03
    2.37273e-03
    1.14098e-03
    3.40183e-04
    9.92884e-05
    4.73541e-05
    3.00267e-05
    3.65350e-05
    3.78243e-05
    3.40978e-05
    4.36886e-05
    6.77312e-05
    1.67491e-04
    6.29070e-04
    1.50373e-03
    2.38011e-03
    1.74805e-03
    7.42540e-04
    1.79534e-04
    6.62753e-05
    5.25791e-05
    6.02420e-05
    1.24414e-04
    2.47965e-04
    1.99022e-04
    6.22104e-05
    8.17639e-05
    2.71763e-04
    8.94967e-04
    2.03228e-03
    2.48515e-03
    1.59247e-03
    6.48633e-04
    1.73149e-04
    6.40455e-05
    3.69253e-05
    3.23430e-05
    2.36965e-05
    2.18488e-05
    2.39055e-05
    4.87414e-05
    1.00248e-04
    2.37405e-04
    7.66481e-04
    1.71313e-03
    2.36845e-03
    1.64106e-03
    7.02924e-04
    2.01864e-04
    7.75983e-05
    5.95513e-05
    5.91709e-05
    4.24105e-05
    3.40643e-05
    2.50986e-05
    2.80063e-05
    4.62601e-05
    1.00196e-04
    3.35483e-04
    1.06316e-03
    2.05388e-03
    2.18337e-03
    1.28208e-03
    4.63486e-04
    1.19867e-04
    4.31244e-05
    2.47836e-05
    2.19647e-05
    1.98127e-05
    2.38092e-05
    5.53258e-05
    6.14280e-05
    5.40607e-05
    1.38036e-04
    4.24261e-04
    1.10718e-03
    1.95261e-03
    1.80437e-03
    9.30793e-04
    2.98876e-04
    9.15979e-05
    4.81945e-05
    4.22717e-05
    4.11943e-05
    4.17335e-05
    3.89484e-05
    3.74015e-05
    2.87259e-05
    3.55938e-05
    1.24058e-04
    3.02689e-04
    6.17031e-04
    1.40287e-03
    1.71298e-03
    9.59093e-04
    3.58709e-04
    1.63118e-04
    6.50614e-05
    4.01057e-05
    6.11308e-05
    4.73358e-05
    2.93670e-05
    2.47747e-05
    2.78192e-05
    3.90045e-05
    7.09506e-05
    1.45427e-04
    4.66054e-04
    1.16252e-03
    1.86474e-03
    1.43471e-03
    6.14719e-04
    1.68098e-04
    5.98861e-05
    3.45163e-05
    3.05354e-05
    3.75677e-05
    4.36615e-05
    3.88770e-05
    3.21024e-05
    3.34827e-05
    4.83686e-05
    7.20779e-05
    1.23515e-04
    4.03561e-04
    1.10781e-03
    1.68416e-03
    1.20464e-03
    5.10588e-04
    1.43186e-04
    5.91889e-05
    3.28264e-05
    3.00169e-05
    3.39017e-05
    4.22046e-05
    3.32746e-05
    2.73213e-05
    2.11957e-05
    2.17139e-05
    2.50964e-05
    5.33945e-05
    2.12272e-04
    6.54769e-04
    1.10859e-03
    8.79730e-04
    4.00279e-04
    1.42900e-04
    6.69919e-05
    4.43354e-05
    3.72771e-05
    3.15649e-05
    3.01050e-05
    2.67991e-05
    3.47086e-05
    3.80977e-05
    3.63875e-05
    3.57549e-05
    3.37786e-05
    5.89390e-05
    2.31375e-04
    7.97576e-04
    1.26087e-03
    8.58188e-04
    2.73880e-04
    7.03650e-05
    4.12194e-05
    3.60439e-05
    3.26433e-05
    2.97816e-05
    2.84345e-05
    3.08119e-05
    3.52185e-05
    3.08120e-05
    2.66357e-05
    2.90225e-05
    3.00661e-05
    4.61095e-05
    1.28400e-04
    3.67773e-04
    5.86315e-04
    4.81932e-04
    2.00006e-04
    6.84267e-05
    3.64860e-05
    3.08847e-05
    2.91375e-05
    2.97763e-05
    2.46036e-05
    3.25590e-05
    1.41681e-04
    5.69108e-04
    9.43639e-04
    6.05104e-04
    1.61612e-04
    3.88493e-05
    5.38073e-05
    2.41928e-04
    6.38100e-04
    6.94333e-04
    3.36666e-04
    8.78225e-05
    4.02398e-05
    3.89215e-05
    3.69001e-05
    4.02798e-05
    5.62872e-05
    5.36081e-05
    5.88911e-05
    3.69352e-05
    4.01895e-05
    4.00806e-05
    3.65847e-05
    3.43102e-05
    3.28709e-05
    5.87676e-05
    1.84485e-04
    4.26704e-04
    4.01602e-04
    1.67646e-04
    5.33444e-05
    3.87099e-05
    3.23874e-05
    3.22131e-05
    3.88966e-05
    4.57025e-05
    4.60496e-05
    4.41341e-05
    4.62766e-05
    4.90906e-05
    4.55994e-05
    4.86194e-05
    4.47482e-05
    4.59475e-05
    5.18937e-05
    1.12308e-04
    2.75713e-04
    3.40913e-04
    2.04143e-04
    6.46339e-05
    4.28641e-05
    4.57920e-05
    4.92540e-05
    6.23665e-05
    5.61339e-05
    5.37272e-05
    5.26163e-05
    5.64464e-05
    5.64075e-05
    5.23898e-05
    5.25298e-05
    5.72360e-05
    5.93620e-05
    5.74768e-03
    4.31633e-03
    4.74383e-03
    7.08580e-03
    9.64437e-03
    1.05731e-02
    1.10083e-02
    1.10438e-02
    1.09858e-02
    1.03389e-02
    8.83085e-03
    5.91132e-03
    4.02573e-03
    4.66228e-03
    7.43488e-03
    8.49256e-03
    6.54875e-03
    2.57535e-03
    1.75791e-03
    4.63874e-03
    8.46906e-03
    8.62536e-03
    6.16717e-03
    3.31908e-03
    3.56536e-03
    6.50652e-03
    8.93891e-03
    9.63938e-03
    1.00572e-02
    1.03343e-02
    1.02588e-02
    9.81512e-03
    9.27392e-03
    7.42682e-03
    3.70571e-03
    2.24402e-03
    3.74978e-03
    6.94403e-03
    9.00404e-03
    1.03270e-02
    1.02887e-02
    9.66659e-03
    9.07712e-03
    8.98828e-03
    8.96407e-03
    6.37735e-03
    2.73623e-03
    2.46845e-03
    5.78894e-03
    9.12936e-03
    9.51477e-03
    9.15284e-03
    8.06948e-03
    5.81948e-03
    3.15069e-03
    3.05127e-03
    3.29763e-03
    2.88186e-03
    1.27966e-03
    1.12218e-03
    4.34097e-03
    7.63524e-03
    4.23089e-03
    1.19763e-03
    2.36460e-03
    5.95837e-03
    8.60766e-03
    1.00597e-02
    9.47328e-03
    4.81827e-03
    1.22910e-03
    1.24963e-03
    5.03257e-03
    1.02765e-02
    1.19898e-02
    1.17330e-02
    1.13120e-02
    1.07415e-02
    9.77230e-03
    9.49668e-03
    9.93824e-03
    7.30882e-03
    2.44779e-03
    5.92880e-04
    1.19548e-03
    3.19419e-03
    4.58267e-03
    6.75351e-03
    9.42060e-03
    1.06214e-02
    1.11117e-02
    1.15962e-02
    1.17412e-02
    9.91880e-03
    4.74939e-03
    1.07327e-03
    7.41454e-04
    3.29253e-03
    8.23280e-03
    1.13101e-02
    1.23664e-02
    1.28520e-02
    1.24583e-02
    1.09973e-02
    1.10651e-02
    1.18134e-02
    8.69213e-03
    3.19171e-03
    6.35815e-04
    8.23787e-04
    4.30584e-03
    1.04972e-02
    1.36631e-02
    1.37736e-02
    1.34805e-02
    1.34360e-02
    1.37006e-02
    1.41728e-02
    1.37584e-02
    9.84697e-03
    3.59013e-03
    5.77977e-04
    3.94336e-04
    1.81927e-03
    3.87700e-03
    4.69305e-03
    3.96747e-03
    4.59260e-03
    4.01892e-03
    2.94051e-03
    4.78278e-03
    4.52746e-03
    6.42166e-03
    4.24695e-03
    9.52597e-04
    2.81771e-04
    1.52335e-03
    6.00170e-03
    9.69584e-03
    1.08333e-02
    1.21758e-02
    1.28876e-02
    1.14220e-02
    8.62698e-03
    5.41253e-03
    4.57038e-03
    3.41200e-03
    1.17782e-03
    2.19751e-04
    4.00389e-04
    2.94376e-03
    9.11848e-03
    1.40765e-02
    1.53039e-02
    1.51568e-02
    1.48023e-02
    1.33417e-02
    1.21533e-02
    1.25466e-02
    1.17711e-02
    6.48759e-03
    1.62503e-03
    2.33900e-04
    5.01023e-04
    3.24489e-03
    9.17252e-03
    1.37629e-02
    1.52052e-02
    1.54627e-02
    1.55591e-02
    1.58694e-02
    1.63280e-02
    1.61799e-02
    1.35301e-02
    7.20124e-03
    1.80080e-03
    2.54474e-04
    5.18517e-04
    3.51528e-03
    1.03254e-02
    1.57296e-02
    1.69970e-02
    1.64571e-02
    1.59574e-02
    1.60751e-02
    1.65828e-02
    1.67028e-02
    1.50808e-02
    9.67677e-03
    3.19665e-03
    4.73918e-04
    2.85997e-04
    2.00495e-03
    6.94231e-03
    1.07165e-02
    1.09353e-02
    9.31756e-03
    6.65635e-03
    4.64234e-03
    3.74460e-03
    4.32643e-03
    7.19420e-03
    6.27597e-03
    2.37302e-03
    5.75055e-04
    1.54377e-04
    7.21720e-04
    4.24017e-03
    1.04372e-02
    1.41726e-02
    1.50075e-02
    1.51280e-02
    1.49945e-02
    1.42533e-02
    1.36784e-02
    1.44632e-02
    1.54290e-02
    1.27638e-02
    6.11498e-03
    1.32686e-03
    2.97241e-04
    1.13998e-03
    3.88705e-03
    4.68410e-03
    6.77815e-03
    8.66914e-03
    3.20159e-03
    3.30954e-03
    7.28574e-03
    1.00752e-02
    1.14877e-02
    1.15989e-02
    9.29771e-03
    4.52576e-03
    1.05731e-03
    3.22670e-04
    1.57489e-03
    6.71444e-03
    1.30030e-02
    1.53238e-02
    1.51958e-02
    1.47468e-02
    1.43595e-02
    1.41414e-02
    1.41442e-02
    1.35698e-02
    1.31858e-02
    1.36332e-02
    1.12181e-02
    4.72322e-03
    1.18787e-03
    1.68254e-03
    6.39081e-03
    1.16627e-02
    9.89414e-03
    3.72816e-03
    2.17374e-03
    2.74589e-03
    7.72450e-04
    2.45695e-03
    7.55206e-03
    1.12775e-02
    1.35674e-02
    1.45980e-02
    1.10926e-02
    4.58255e-03
    2.41825e-03
    5.49685e-03
    1.22312e-02
    1.53916e-02
    1.49517e-02
    1.42380e-02
    1.39316e-02
    1.37390e-02
    1.30849e-02
    1.23862e-02
    1.23812e-02
    1.28706e-02
    1.30613e-02
    1.25441e-02
    1.05411e-02
    7.37326e-03
    7.14994e-03
    9.84599e-03
    1.22444e-02
    1.15794e-02
    1.03355e-02
    8.81623e-03
    6.69893e-03
    3.73219e-03
    5.77063e-04
    2.37672e-03
    1.70276e-02
    3.23097e-02
    2.60450e-02
    8.50519e-03
    5.05731e-04
    1.59560e-03
    4.29062e-03
    6.13593e-03
    7.16975e-03
    7.08736e-03
    6.52509e-03
    6.92294e-03
    7.04068e-03
    4.16687e-03
    1.87628e-03
    2.02087e-03
    7.17642e-03
    1.36599e-02
    8.40291e-03
    1.09013e-03
    1.29868e-03
    4.12019e-03
    6.75495e-03
    9.05490e-03
    1.06856e-02
    1.16456e-02
    1.27973e-02
    1.41952e-02
    1.28889e-02
    6.66354e-03
    2.05158e-03
    2.05824e-03
    6.85299e-03
    1.38490e-02
    1.65111e-02
    1.60284e-02
    1.52006e-02
    1.45446e-02
    1.40946e-02
    1.37330e-02
    1.33496e-02
    1.30959e-02
    1.29338e-02
    1.24543e-02
    1.06773e-02
    6.57275e-03
    2.20900e-03
    5.44854e-04
    9.71716e-04
    3.33421e-03
    4.70205e-03
    4.10386e-03
    2.91560e-03
    2.63991e-03
    1.76930e-03
    2.55026e-03
    7.30028e-03
    5.26619e-03
    1.95153e-03
    3.89336e-03
    5.10078e-03
    4.50204e-03
    2.96834e-03
    1.02969e-03
    2.74339e-04
    7.25422e-04
    3.73068e-03
    9.43149e-03
    1.36307e-02
    1.49227e-02
    1.47837e-02
    1.42529e-02
    1.39082e-02
    1.39012e-02
    1.37972e-02
    1.27887e-02
    1.08003e-02
    9.21577e-03
    8.06496e-03
    5.47861e-03
    2.05359e-03
    3.98531e-04
    3.23547e-04
    2.06200e-03
    7.45620e-03
    1.36689e-02
    1.63327e-02
    1.64943e-02
    1.60938e-02
    1.55211e-02
    1.47525e-02
    1.46436e-02
    1.54245e-02
    1.62827e-02
    1.68932e-02
    1.70221e-02
    1.45027e-02
    7.94482e-03
    2.19903e-03
    3.69851e-04
    5.86273e-04
    3.37208e-03
    9.44530e-03
    1.31604e-02
    1.10215e-02
    8.09669e-03
    7.70119e-03
    9.47915e-03
    1.16137e-02
    1.34945e-02
    1.50144e-02
    1.61103e-02
    1.69381e-02
    1.67855e-02
    1.35078e-02
    6.83195e-03
    1.73554e-03
    2.97364e-04
    5.94272e-04
    3.30669e-03
    8.60701e-03
    1.19632e-02
    1.25930e-02
    1.34172e-02
    1.47150e-02
    1.53763e-02
    1.55251e-02
    1.54280e-02
    1.52669e-02
    1.54408e-02
    1.58912e-02
    1.58325e-02
    1.35857e-02
    7.94170e-03
    2.47306e-03
    4.10044e-04
    3.56353e-04
    1.97634e-03
    5.64554e-03
    6.91895e-03
    4.41542e-03
    7.04576e-03
    1.45416e-02
    1.47804e-02
    7.85649e-03
    2.23664e-03
    2.72710e-03
    6.95865e-03
    1.06792e-02
    1.31063e-02
    1.38872e-02
    1.10737e-02
    5.22645e-03
    1.22073e-03
    2.89843e-04
    9.70684e-04
    4.61481e-03
    1.08952e-02
    1.51596e-02
    1.58636e-02
    1.44661e-02
    1.20341e-02
    1.05611e-02
    1.11060e-02
    1.25928e-02
    1.31885e-02
    1.29693e-02
    1.28086e-02
    1.29028e-02
    1.21853e-02
    9.01268e-03
    4.02665e-03
    9.39152e-04
    3.31486e-04
    1.38085e-03
    5.60028e-03
    1.14281e-02
    1.42906e-02
    1.45635e-02
    1.43677e-02
    1.37181e-02
    1.30590e-02
    1.33782e-02
    1.42065e-02
    1.48222e-02
    1.49207e-02
    1.49303e-02
    1.47766e-02
    1.38406e-02
    1.06370e-02
    5.33773e-03
    1.43532e-03
    3.02635e-04
    5.55026e-04
    2.33495e-03
    5.60402e-03
    8.74043e-03
    1.06471e-02
    1.12123e-02
    1.10775e-02
    1.03623e-02
    7.94288e-03
    3.40281e-03
    1.20799e-03
    1.51492e-03
    1.94037e-03
    6.26137e-03
    1.03762e-02
    1.07668e-02
    7.61987e-03
    3.16319e-03
    7.59578e-04
    4.52167e-04
    1.39192e-03
    3.16333e-03
    3.98605e-03
    3.27725e-03
    3.56699e-03
    6.43690e-03
    9.60720e-03
    1.13658e-02
    1.18232e-02
    1.10326e-02
    1.00095e-02
    1.00831e-02
    1.12800e-02
    1.23866e-02
    1.21098e-02
    1.06290e-02
    7.44234e-03
    3.21292e-03
    8.67919e-04
    6.76156e-04
    1.79685e-03
    3.32934e-03
    3.87084e-03
    2.77032e-03
    2.59763e-03
    3.99283e-03
    5.04321e-03
    5.10747e-03
    3.34257e-03
    1.24711e-03
    1.61157e-03
    1.93104e-03
    1.50220e-03
    1.59173e-03
    2.02920e-03
    3.45279e-03
    5.40096e-03
    3.91900e-03
    1.33916e-03
    6.21091e-04
    1.36288e-03
    3.10257e-03
    4.40041e-03
    5.29343e-03
    6.61071e-03
    7.59437e-03
    6.77770e-03
    3.76509e-03
    4.21852e-04
    4.56556e-03
    1.45058e-02
    1.12446e-02
    1.78075e-03
    1.63875e-03
    4.72535e-03
    6.24228e-03
    6.54803e-03
    5.14926e-03
    2.49451e-03
    1.11010e-03
    1.81105e-03
    5.09046e-03
    8.94930e-03
    9.98515e-03
    9.28848e-03
    8.98270e-03
    9.73830e-03
    1.08657e-02
    1.11561e-02
    9.65886e-03
    7.16730e-03
    5.98354e-03
    5.68604e-03
    5.08076e-03
    3.48614e-03
    2.68667e-03
    3.97400e-03
    6.70456e-03
    6.78365e-03
    3.59429e-03
    1.66446e-03
    2.21422e-03
    4.79369e-03
    5.85204e-03
    3.28325e-03
    2.38979e-03
    2.68587e-03
    2.30449e-03
    4.23979e-03
    7.41737e-03
    9.37258e-03
    1.03064e-02
    1.13406e-02
    1.26271e-02
    1.33923e-02
    1.33232e-02
    1.29108e-02
    1.24545e-02
    1.17728e-02
    9.58555e-03
    5.64156e-03
    2.15590e-03
    1.46436e-03
    3.10705e-03
    6.77777e-03
    1.00777e-02
    1.17130e-02
    1.20920e-02
    1.23339e-02
    1.27705e-02
    1.31829e-02
    1.29274e-02
    1.18502e-02
    9.88162e-03
    6.72834e-03
    2.93073e-03
    1.29247e-03
    2.59875e-03
    2.93972e-03
    3.13118e-03
    5.43499e-03
    6.61889e-03
    4.64555e-03
    2.91262e-03
    3.48822e-03
    6.53855e-03
    1.01795e-02
    1.22226e-02
    1.30084e-02
    1.30589e-02
    1.20901e-02
    9.85286e-03
    7.99470e-03
    7.50228e-03
    7.84807e-03
    8.00589e-03
    8.16699e-03
    9.32852e-03
    1.16698e-02
    1.34141e-02
    1.38861e-02
    1.35242e-02
    1.24277e-02
    1.04510e-02
    6.12851e-03
    3.64013e-03
    3.50662e-03
    5.32316e-03
    7.23709e-03
    8.11318e-03
    9.05165e-03
    9.43014e-03
    8.61118e-03
    8.24747e-03
    9.11169e-03
    1.13442e-02
    1.31657e-02
    1.40020e-02
    1.42411e-02
    1.39872e-02
    1.33455e-02
    1.22741e-02
    1.07212e-02
    8.52408e-03
    6.36045e-03
    5.15258e-03
    4.13158e-03
    2.58559e-03
    1.82516e-03
    2.15164e-03
    2.15826e-03
    1.91896e-03
    3.19350e-03
    5.86911e-03
    8.45188e-03
    1.03358e-02
    1.16044e-02
    1.24226e-02
    1.27588e-02
    1.22976e-02
    1.05538e-02
    8.93554e-03
    8.59453e-03
    9.49496e-03
    1.12305e-02
    1.12982e-02
    9.21455e-03
    7.51409e-03
    7.04694e-03
    6.56779e-03
    5.27185e-03
    4.99497e-03
    5.91811e-03
    8.78316e-03
    1.17484e-02
    1.32729e-02
    1.33329e-02
    1.17480e-02
    9.89660e-03
    9.41861e-03
    1.03033e-02
    1.23233e-02
    1.35652e-02
    1.28787e-02
    1.07190e-02
    9.20634e-03
    8.93666e-03
    9.67882e-03
    1.09891e-02
    1.12633e-02
    1.01590e-02
    7.49010e-03
    4.05212e-03
    2.12122e-03
    2.29153e-03
    2.99404e-03
    3.71259e-03
    4.45393e-03
    4.51992e-03
    4.26567e-03
    4.63942e-03
    5.71342e-03
    6.27507e-03
    5.67619e-03
    4.02564e-03
    1.67506e-03
    6.72927e-04
    7.47637e-04
    1.16773e-03
    3.94988e-03
    7.37930e-03
    8.91208e-03
    8.60743e-03
    7.60709e-03
    6.85348e-03
    6.24812e-03
    5.32367e-03
    3.91733e-03
    2.97282e-03
    2.21562e-03
    1.92959e-03
    3.56030e-03
    9.51020e-03
    2.01123e-02
    2.77610e-02
    2.38224e-02
    1.36671e-02
    6.75729e-03
    3.27879e-03
    1.12782e-03
    1.79539e-01
    2.89404e-02
    3.71902e+07
    2.07950e+00
