    9.41968e-01
    8.90949e-01
    9.06578e-01
    9.63775e-01
    9.94938e-01
    9.98864e-01
    9.92877e-01
    9.62043e-01
    8.84363e-01
    8.54331e-01
    9.07133e-01
    9.70075e-01
    9.86962e-01
    9.90133e-01
    9.80626e-01
    9.21112e-01
    8.32970e-01
    8.42418e-01
    9.29069e-01
    9.65274e-01
    9.62549e-01
    9.65897e-01
    9.63290e-01
    8.87885e-01
    7.93677e-01
    8.20878e-01
    9.28506e-01
    9.76605e-01
    9.86327e-01
    9.81074e-01
    9.59500e-01
    8.79323e-01
    7.59848e-01
    7.69845e-01
    8.84656e-01
    9.20822e-01
    9.00739e-01
    9.18260e-01
    9.51771e-01
    9.13481e-01
    7.64323e-01
    7.05168e-01
    8.10490e-01
    9.41428e-01
    9.74119e-01
    9.82604e-01
    9.79735e-01
    9.56796e-01
    8.58081e-01
    6.90864e-01
    6.84715e-01
    8.34141e-01
    9.41022e-01
    9.65665e-01
    9.69191e-01
    9.55034e-01
    9.00349e-01
    7.49167e-01
    5.72609e-01
    6.00356e-01
    7.87255e-01
    8.93689e-01
    8.65875e-01
    7.75499e-01
    7.36067e-01
    7.79369e-01
    7.51931e-01
    5.84772e-01
    5.62055e-01
    7.38478e-01
    8.75147e-01
    8.57161e-01
    8.20943e-01
    8.50637e-01
    9.08654e-01
    8.83026e-01
    7.07686e-01
    5.72564e-01
    6.61925e-01
    8.66343e-01
    9.51148e-01
    9.67145e-01
    9.64712e-01
    9.54858e-01
    9.13508e-01
    8.05408e-01
    6.02153e-01
    5.44709e-01
    6.95834e-01
    8.72104e-01
    9.24595e-01
    9.35360e-01
    9.30052e-01
    8.91436e-01
    8.44026e-01
    7.69273e-01
    5.92124e-01
    5.28895e-01
    6.84641e-01
    8.75513e-01
    9.40413e-01
    9.59974e-01
    9.58266e-01
    9.40577e-01
    9.19066e-01
    8.56167e-01
    6.54801e-01
    5.02059e-01
    5.61412e-01
    7.39715e-01
    8.44929e-01
    9.14301e-01
    9.52930e-01
    9.62134e-01
    9.55294e-01
    9.20561e-01
    7.84813e-01
    5.62478e-01
    5.23594e-01
    7.14979e-01
    8.93414e-01
    9.53769e-01
    9.69016e-01
    9.70255e-01
    9.67483e-01
    9.57881e-01
    9.13361e-01
    7.48522e-01
    5.47795e-01
    5.56691e-01
    7.58675e-01
    8.99471e-01
    9.32611e-01
    9.36262e-01
    9.47276e-01
    9.64515e-01
    9.61786e-01
    9.17926e-01
    7.65428e-01
    5.65254e-01
    5.59834e-01
    7.56446e-01
    9.10156e-01
    9.55652e-01
    9.66955e-01
    9.72036e-01
    9.74743e-01
    9.70630e-01
    9.47731e-01
    8.54476e-01
    6.51422e-01
    5.60399e-01
    6.86502e-01
    8.71024e-01
    9.49074e-01
    9.69676e-01
    9.71220e-01
    9.57114e-01
    9.12838e-01
    8.47471e-01
    8.09381e-01
    7.34629e-01
    6.07442e-01
    6.05022e-01
    7.68717e-01
    8.97474e-01
    9.22529e-01
    8.75425e-01
    8.12087e-01
    8.16348e-01
    8.84764e-01
    9.25349e-01
    9.04265e-01
    7.86344e-01
    6.25585e-01
    6.03733e-01
    7.59795e-01
    9.03958e-01
    9.54898e-01
    9.69039e-01
    9.77981e-01
    9.83545e-01
    9.83752e-01
    9.79978e-01
    9.63439e-01
    8.94538e-01
    7.82080e-01
    7.55549e-01
    8.50811e-01
    9.48927e-01
    9.81859e-01
    9.91984e-01
    9.96981e-01
    9.96800e-01
    9.89298e-01
    9.83381e-01
    9.84242e-01
    9.78950e-01
    9.39894e-01
    9.04812e-01
    9.15272e-01
    9.54858e-01
    9.74540e-01
    9.73868e-01
    9.77998e-01
    9.89411e-01
    9.99671e-01
    1.00293e+00
    1.00249e+00
    1.00293e+00
    1.00299e+00
    1.00195e+00
    1.00138e+00
    1.00123e+00
    9.97881e-01
    9.86558e-01
    9.63698e-01
    9.06162e-01
    8.34366e-01
    8.27468e-01
    8.95469e-01
    9.61887e-01
    9.84893e-01
    9.91401e-01
    9.93208e-01
    9.89925e-01
    9.82597e-01
    9.64417e-01
    9.11863e-01
    8.04354e-01
    6.70595e-01
    5.79665e-01
    6.19337e-01
    7.64395e-01
    9.05144e-01
    9.60155e-01
    9.73532e-01
    9.79956e-01
    9.86155e-01
    9.89855e-01
    9.89714e-01
    9.84077e-01
    9.70010e-01
    9.25745e-01
    7.98593e-01
    6.53731e-01
    6.64867e-01
    8.12090e-01
    9.31237e-01
    9.68204e-01
    9.83245e-01
    9.90294e-01
    9.90646e-01
    9.87788e-01
    9.85018e-01
    9.79176e-01
    9.63816e-01
    9.05328e-01
    7.48254e-01
    5.99486e-01
    6.32711e-01
    8.00490e-01
    9.04859e-01
    9.19979e-01
    9.28968e-01
    9.39813e-01
    9.15235e-01
    8.73973e-01
    8.68664e-01
    8.82667e-01
    8.82965e-01
    8.53929e-01
    7.40255e-01
    5.74744e-01
    5.66639e-01
    7.27871e-01
    8.80359e-01
    9.39674e-01
    9.64537e-01
    9.67580e-01
    9.43537e-01
    8.84458e-01
    8.42921e-01
    8.64330e-01
    9.15706e-01
    9.15644e-01
    8.24075e-01
    6.29776e-01
    5.31736e-01
    6.36174e-01
    8.39725e-01
    9.36480e-01
    9.59934e-01
    9.64928e-01
    9.66160e-01
    9.63697e-01
    9.58002e-01
    9.60617e-01
    9.63298e-01
    9.56807e-01
    9.27819e-01
    8.17694e-01
    6.12390e-01
    5.24389e-01
    6.39094e-01
    8.31044e-01
    9.24473e-01
    9.62501e-01
    9.78761e-01
    9.85088e-01
    9.85707e-01
    9.83321e-01
    9.75469e-01
    9.59194e-01
    9.41633e-01
    9.17341e-01
    8.31674e-01
    6.32477e-01
    5.21537e-01
    6.08404e-01
    8.08893e-01
    9.17169e-01
    9.45888e-01
    9.22095e-01
    8.80347e-01
    8.77982e-01
    9.16939e-01
    9.44044e-01
    9.48715e-01
    9.53361e-01
    9.46767e-01
    8.98195e-01
    7.43716e-01
    5.61573e-01
    5.47454e-01
    7.15094e-01
    8.72502e-01
    9.35192e-01
    9.53230e-01
    9.53818e-01
    9.43832e-01
    9.26283e-01
    8.91081e-01
    8.12578e-01
    7.03850e-01
    6.57955e-01
    7.06103e-01
    7.56711e-01
    6.61975e-01
    5.47395e-01
    5.85016e-01
    7.69181e-01
    9.00707e-01
    9.42955e-01
    9.54672e-01
    9.55806e-01
    9.56719e-01
    9.57809e-01
    9.57907e-01
    9.59006e-01
    9.61513e-01
    9.48206e-01
    8.95356e-01
    8.12446e-01
    6.78195e-01
    5.55824e-01
    5.64047e-01
    7.11379e-01
    8.33403e-01
    8.23343e-01
    7.63539e-01
    7.64439e-01
    8.45528e-01
    9.26954e-01
    9.63205e-01
    9.73170e-01
    9.73236e-01
    9.65063e-01
    9.49498e-01
    9.29091e-01
    8.66142e-01
    7.04574e-01
    5.99279e-01
    6.62986e-01
    8.33557e-01
    9.35490e-01
    9.66027e-01
    9.72442e-01
    9.71880e-01
    9.64939e-01
    9.61842e-01
    9.66458e-01
    9.75843e-01
    9.76595e-01
    9.65403e-01
    9.53764e-01
    9.39357e-01
    8.71994e-01
    7.21057e-01
    6.34323e-01
    7.03215e-01
    8.51727e-01
    9.30473e-01
    9.55594e-01
    9.71382e-01
    9.78241e-01
    9.74244e-01
    9.68556e-01
    9.69940e-01
    9.77533e-01
    9.79513e-01
    9.74925e-01
    9.60732e-01
    9.27815e-01
    8.64863e-01
    7.31825e-01
    6.08321e-01
    6.14820e-01
    7.58048e-01
    8.92254e-01
    9.44143e-01
    9.63166e-01
    9.73265e-01
    9.75511e-01
    9.74489e-01
    9.68615e-01
    9.54227e-01
    9.45430e-01
    9.53773e-01
    9.70809e-01
    9.76089e-01
    9.63197e-01
    9.01093e-01
    7.77064e-01
    7.11285e-01
    7.72181e-01
    8.95907e-01
    9.59782e-01
    9.72990e-01
    9.75464e-01
    9.72250e-01
    9.67114e-01
    9.68922e-01
    9.79303e-01
    9.86382e-01
    9.85526e-01
    9.79241e-01
    9.69782e-01
    9.55803e-01
    9.21654e-01
    8.22685e-01
    6.75287e-01
    6.15115e-01
    7.04400e-01
    8.53819e-01
    9.39647e-01
    9.67438e-01
    9.78150e-01
    9.79878e-01
    9.76038e-01
    9.67525e-01
    9.52629e-01
    9.32296e-01
    9.15104e-01
    9.16012e-01
    9.35401e-01
    9.56356e-01
    9.61186e-01
    9.43450e-01
    8.79686e-01
    8.03966e-01
    8.01282e-01
    8.78514e-01
    9.59170e-01
    9.86043e-01
    9.92162e-01
    9.92796e-01
    9.94312e-01
    9.97725e-01
    9.99632e-01
    9.99180e-01
    9.93942e-01
    9.86451e-01
    9.82324e-01
    9.81412e-01
    9.76517e-01
    9.48670e-01
    9.07485e-01
    8.40343e-01
    7.84379e-01
    7.96989e-01
    8.77496e-01
    9.58039e-01
    9.87077e-01
    9.92970e-01
    9.95553e-01
    9.97782e-01
    1.00046e+00
    1.00339e+00
    1.00377e+00
    1.00388e+00
    1.00437e+00
    1.00267e+00
    9.99035e-01
    9.96326e-01
    9.92919e-01
    9.84162e-01
    9.47044e-01
    8.85776e-01
    8.64243e-01
    8.99858e-01
    9.56231e-01
    9.84321e-01
    9.95334e-01
    9.98145e-01
    9.98997e-01
    9.96467e-01
    9.96142e-01
    9.96088e-01
    9.97022e-01
    1.00155e+00
    1.00676e+00
    1.00815e+00
    1.00547e+00
    1.00173e+00
    7.92679e-01
    5.17609e-01
    5.53376e-01
    8.32363e-01
    1.00374e+00
    9.38150e-01
    7.95417e-01
    8.40705e-01
    1.01687e+00
    1.08300e+00
    9.83116e-01
    6.95501e-01
    4.15634e-01
    4.59435e-01
    7.29370e-01
    9.52050e-01
    1.07172e+00
    1.09772e+00
    1.09015e+00
    1.07152e+00
    9.55251e-01
    6.92970e-01
    4.08201e-01
    2.44945e-01
    3.40221e-01
    6.53551e-01
    9.31722e-01
    1.05361e+00
    1.09849e+00
    1.11781e+00
    1.09906e+00
    1.02120e+00
    9.05129e-01
    6.96228e-01
    3.88817e-01
    2.18805e-01
    2.91869e-01
    4.52888e-01
    6.72747e-01
    8.94558e-01
    9.86813e-01
    1.01433e+00
    1.03290e+00
    9.90639e-01
    8.36191e-01
    5.46400e-01
    2.59430e-01
    2.20857e-01
    4.44970e-01
    7.11786e-01
    8.85291e-01
    9.40273e-01
    8.25252e-01
    6.37598e-01
    5.94563e-01
    6.53397e-01
    5.92381e-01
    3.78658e-01
    1.70453e-01
    1.48331e-01
    2.97627e-01
    5.19616e-01
    7.39453e-01
    8.97824e-01
    9.76370e-01
    9.94969e-01
    9.45420e-01
    8.22543e-01
    6.13938e-01
    3.40631e-01
    1.33714e-01
    1.29223e-01
    3.32554e-01
    6.13914e-01
    8.24925e-01
    9.20613e-01
    9.50033e-01
    9.63002e-01
    9.51403e-01
    8.78842e-01
    7.20725e-01
    4.64150e-01
    2.05951e-01
    8.53697e-02
    1.36796e-01
    2.53586e-01
    3.62369e-01
    5.43085e-01
    7.70596e-01
    9.03116e-01
    9.27889e-01
    8.87803e-01
    7.73854e-01
    5.66517e-01
    3.04319e-01
    1.15192e-01
    9.12290e-02
    2.39743e-01
    4.84828e-01
    7.03906e-01
    8.30122e-01
    8.61985e-01
    7.70811e-01
    5.92128e-01
    5.17089e-01
    5.28943e-01
    4.23798e-01
    2.18019e-01
    8.12782e-02
    8.85886e-02
    2.40409e-01
    4.73915e-01
    6.78488e-01
    7.97948e-01
    8.59002e-01
    8.85355e-01
    8.70043e-01
    7.99907e-01
    6.57840e-01
    4.39765e-01
    2.11840e-01
    7.45211e-02
    6.31517e-02
    1.64126e-01
    3.31717e-01
    5.12956e-01
    6.71029e-01
    7.78891e-01
    8.03714e-01
    7.43642e-01
    6.58658e-01
    5.81141e-01
    4.49667e-01
    2.51602e-01
    9.54775e-02
    4.78600e-02
    1.10981e-01
    2.44088e-01
    3.48862e-01
    4.55631e-01
    6.21932e-01
    7.63544e-01
    7.96007e-01
    7.52263e-01
    6.39991e-01
    4.66227e-01
    2.75858e-01
    1.24850e-01
    4.62709e-02
    5.44665e-02
    1.65041e-01
    3.61241e-01
    5.61985e-01
    7.03564e-01
    7.77467e-01
    7.72861e-01
    6.59978e-01
    5.32665e-01
    4.88062e-01
    4.36549e-01
    2.80440e-01
    1.19590e-01
    4.45830e-02
    6.56207e-02
    1.86284e-01
    3.84290e-01
    5.80261e-01
    7.18674e-01
    7.97759e-01
    8.28503e-01
    8.19893e-01
    7.70392e-01
    6.66527e-01
    4.97889e-01
    2.91660e-01
    1.22813e-01
    4.58847e-02
    6.28298e-02
    1.77073e-01
    3.71996e-01
    5.72780e-01
    7.14807e-01
    7.89679e-01
    8.19911e-01
    8.22878e-01
    7.93878e-01
    7.12299e-01
    5.65638e-01
    3.64312e-01
    1.71521e-01
    6.04783e-02
    4.67162e-02
    1.24415e-01
    2.64804e-01
    3.87242e-01
    5.03568e-01
    6.39800e-01
    7.37604e-01
    7.53877e-01
    7.08961e-01
    5.87587e-01
    4.09840e-01
    2.57136e-01
    1.53714e-01
    7.77977e-02
    3.92404e-02
    7.55322e-02
    2.08460e-01
    4.09492e-01
    6.02598e-01
    7.42293e-01
    8.23768e-01
    8.41842e-01
    7.74402e-01
    6.73474e-01
    6.31244e-01
    5.98760e-01
    4.62496e-01
    2.59054e-01
    1.02186e-01
    4.82957e-02
    1.04854e-01
    2.54752e-01
    4.13546e-01
    5.02405e-01
    5.87401e-01
    7.22840e-01
    8.43023e-01
    8.89933e-01
    8.80423e-01
    8.22905e-01
    7.05941e-01
    5.16314e-01
    2.90118e-01
    1.16733e-01
    5.66510e-02
    1.24581e-01
    3.11457e-01
    5.50878e-01
    7.48525e-01
    8.72023e-01
    9.37172e-01
    9.63972e-01
    9.70908e-01
    9.64850e-01
    9.29096e-01
    8.47981e-01
    7.04377e-01
    4.85273e-01
    2.45940e-01
    1.01252e-01
    1.26260e-01
    3.03222e-01
    5.14252e-01
    6.45498e-01
    7.17569e-01
    7.68256e-01
    8.07478e-01
    8.73390e-01
    9.57285e-01
    9.99037e-01
    9.81052e-01
    9.13108e-01
    7.66326e-01
    5.18013e-01
    2.58120e-01
    1.56154e-01
    2.98950e-01
    5.80773e-01
    8.35422e-01
    9.86459e-01
    1.06190e+00
    1.10247e+00
    1.11741e+00
    1.08181e+00
    1.02704e+00
    1.03300e+00
    1.07621e+00
    1.06846e+00
    9.69184e-01
    7.47292e-01
    4.72917e-01
    4.04746e-01
    6.23101e-01
    9.03199e-01
    1.06333e+00
    1.13210e+00
    1.15836e+00
    1.16194e+00
    1.14464e+00
    1.09481e+00
    9.88145e-01
    8.13898e-01
    6.93359e-01
    7.40429e-01
    8.67986e-01
    9.45520e-01
    1.00235e+00
    1.06597e+00
    1.10227e+00
    1.08823e+00
    1.01338e+00
    8.85113e-01
    7.46859e-01
    5.68852e-01
    3.36430e-01
    1.94822e-01
    2.50483e-01
    3.88480e-01
    5.32820e-01
    7.12900e-01
    8.98390e-01
    1.01423e+00
    1.06420e+00
    1.08191e+00
    1.08208e+00
    1.05582e+00
    9.88039e-01
    8.93519e-01
    7.75171e-01
    5.88408e-01
    3.36070e-01
    1.46229e-01
    1.41265e-01
    3.23737e-01
    5.84022e-01
    8.01829e-01
    9.33856e-01
    1.00275e+00
    1.03460e+00
    1.04769e+00
    1.04618e+00
    1.02368e+00
    9.83283e-01
    9.21980e-01
    8.16554e-01
    6.39816e-01
    4.03498e-01
    1.87244e-01
    7.53502e-02
    1.03013e-01
    2.50941e-01
    4.45160e-01
    6.17704e-01
    7.54780e-01
    8.51406e-01
    8.73441e-01
    8.13985e-01
    7.46498e-01
    7.47413e-01
    7.92310e-01
    7.89196e-01
    6.93828e-01
    5.11085e-01
    2.97211e-01
    1.31333e-01
    5.66746e-02
    8.06514e-02
    2.09909e-01
    4.15150e-01
    6.21975e-01
    7.71254e-01
    8.52742e-01
    8.94824e-01
    9.23798e-01
    9.40932e-01
    9.27786e-01
    8.66793e-01
    7.54393e-01
    6.26423e-01
    4.97477e-01
    3.41195e-01
    1.75153e-01
    6.81984e-02
    5.31596e-02
    1.33283e-01
    3.02077e-01
    5.10496e-01
    6.88856e-01
    8.09934e-01
    8.83421e-01
    9.25754e-01
    9.43637e-01
    9.42025e-01
    9.21029e-01
    8.72251e-01
    7.94010e-01
    6.80479e-01
    5.14634e-01
    3.09370e-01
    1.37011e-01
    5.37968e-02
    6.67675e-02
    1.75697e-01
    3.61122e-01
    5.53556e-01
    6.90883e-01
    7.78108e-01
    8.45684e-01
    8.98800e-01
    9.28375e-01
    9.33939e-01
    9.16545e-01
    8.73607e-01
    7.97493e-01
    6.72248e-01
    4.90118e-01
    2.82032e-01
    1.19280e-01
    4.66723e-02
    6.57987e-02
    1.76207e-01
    3.58006e-01
    5.51865e-01
    7.08784e-01
    8.20209e-01
    8.90287e-01
    9.26541e-01
    9.40594e-01
    9.38006e-01
    9.18461e-01
    8.80088e-01
    8.14343e-01
    7.03651e-01
    5.34977e-01
    3.29743e-01
    1.53622e-01
    5.95073e-02
    5.63391e-02
    1.42474e-01
    3.03109e-01
    4.72056e-01
    5.62773e-01
    5.61454e-01
    5.55756e-01
    6.14690e-01
    7.18612e-01
    8.10473e-01
    8.65532e-01
    8.77011e-01
    8.45911e-01
    7.71936e-01
    6.43639e-01
    4.56743e-01
    2.53306e-01
    1.05509e-01
    5.07260e-02
    9.20001e-02
    2.28765e-01
    4.31656e-01
    6.31583e-01
    7.78279e-01
    8.66659e-01
    9.13884e-01
    9.41988e-01
    9.62323e-01
    9.64638e-01
    9.40068e-01
    8.91127e-01
    8.23760e-01
    7.39004e-01
    6.13865e-01
    4.33389e-01
    2.35741e-01
    9.70797e-02
    5.40700e-02
    1.13130e-01
    2.68488e-01
    4.73758e-01
    6.56209e-01
    7.89235e-01
    8.77391e-01
    9.17325e-01
    9.31954e-01
    9.55254e-01
    9.81286e-01
    9.89567e-01
    9.68700e-01
    9.21281e-01
    8.38532e-01
    7.02504e-01
    5.05844e-01
    2.89475e-01
    1.25892e-01
    5.73171e-02
    8.71770e-02
    2.09883e-01
    4.05291e-01
    6.12972e-01
    7.73692e-01
    8.72092e-01
    9.31844e-01
    9.68987e-01
    9.68922e-01
    9.26451e-01
    8.73901e-01
    8.56923e-01
    8.69330e-01
    8.62016e-01
    7.89769e-01
    6.35028e-01
    4.20409e-01
    2.15802e-01
    9.09992e-02
    7.28651e-02
    1.57277e-01
    3.06533e-01
    4.77456e-01
    6.46808e-01
    8.02177e-01
    9.18773e-01
    9.85026e-01
    1.01620e+00
    1.02037e+00
    9.84743e-01
    9.28371e-01
    9.05231e-01
    9.16852e-01
    8.98614e-01
    7.98142e-01
    6.25669e-01
    4.14545e-01
    2.19309e-01
    9.85422e-02
    9.29842e-02
    2.00778e-01
    3.64184e-01
    5.32288e-01
    6.75495e-01
    7.62262e-01
    8.06314e-01
    8.54637e-01
    9.06381e-01
    8.99272e-01
    8.51417e-01
    8.33366e-01
    8.64607e-01
    8.90024e-01
    8.69648e-01
    8.10037e-01
    7.07948e-01
    5.38035e-01
    3.18899e-01
    1.42812e-01
    8.58480e-02
    1.55558e-01
    2.90796e-01
    4.34791e-01
    5.90507e-01
    7.63451e-01
    9.12139e-01
    9.91492e-01
    1.01036e+00
    9.68694e-01
    8.62401e-01
    7.70441e-01
    7.79668e-01
    8.65150e-01
    9.07678e-01
    8.33637e-01
    6.82124e-01
    5.13402e-01
    3.50480e-01
    2.01164e-01
    1.15881e-01
    1.65949e-01
    3.52142e-01
    5.93304e-01
    7.97324e-01
    9.28587e-01
    1.00424e+00
    1.04763e+00
    1.06713e+00
    1.05517e+00
    9.79837e-01
    8.24444e-01
    7.08736e-01
    7.43218e-01
    8.71504e-01
    9.47224e-01
    9.39018e-01
    8.84169e-01
    7.65406e-01
    5.53712e-01
    3.10754e-01
    1.65560e-01
    2.11669e-01
    4.11545e-01
    6.28647e-01
    7.25226e-01
    6.64046e-01
    5.73086e-01
    6.20680e-01
    8.04447e-01
    9.76209e-01
    1.03713e+00
    1.03857e+00
    1.04976e+00
    1.08405e+00
    1.10508e+00
    1.08662e+00
    1.04107e+00
    9.76406e-01
    8.72631e-01
    6.84381e-01
    4.27176e-01
    2.16392e-01
    1.63081e-01
    3.05063e-01
    5.60281e-01
    8.03630e-01
    9.58334e-01
    1.02458e+00
    1.05742e+00
    1.08936e+00
    1.12500e+00
    1.14233e+00
    1.13323e+00
    1.09882e+00
    1.03152e+00
    9.05747e-01
    7.39132e-01
    6.14940e-01
    5.67447e-01
    5.84745e-01
    6.04321e-01
    5.54828e-01
    4.00282e-01
    2.61740e-01
    3.12649e-01
    5.42368e-01
    8.00297e-01
    9.73565e-01
    1.05492e+00
    1.07748e+00
    1.04256e+00
    9.26932e-01
    7.92609e-01
    7.45953e-01
    7.68332e-01
    7.68119e-01
    7.78162e-01
    8.76472e-01
    1.01555e+00
    1.09242e+00
    1.10267e+00
    1.07130e+00
    9.84918e-01
    8.06210e-01
    5.45164e-01
    3.32369e-01
    3.05563e-01
    4.19986e-01
    5.51877e-01
    6.73316e-01
    7.89747e-01
    8.33628e-01
    7.84893e-01
    7.79914e-01
    8.87480e-01
    1.03862e+00
    1.12870e+00
    1.16191e+00
    1.17446e+00
    1.17403e+00
    1.16393e+00
    1.13948e+00
    1.08864e+00
    9.78110e-01
    8.06796e-01
    6.40188e-01
    4.93491e-01
    3.49909e-01
    2.40938e-01
    2.49557e-01
    4.09822e-01
    6.49572e-01
    8.79938e-01
    1.03176e+00
    1.10547e+00
    1.14001e+00
    1.15585e+00
    1.15969e+00
    1.15022e+00
    1.10919e+00
    1.00139e+00
    8.68116e-01
    8.28220e-01
    9.11216e-01
    1.01757e+00
    1.02496e+00
    9.09569e-01
    7.54991e-01
    6.57992e-01
    5.87194e-01
    4.88304e-01
    4.52262e-01
    5.90979e-01
    8.31649e-01
    1.01144e+00
    1.08882e+00
    1.09036e+00
    1.00963e+00
    8.87022e-01
    8.44140e-01
    9.24840e-01
    1.05100e+00
    1.11227e+00
    1.07900e+00
    9.57894e-01
    8.35057e-01
    8.26199e-01
    9.35228e-01
    1.05801e+00
    1.11355e+00
    1.10886e+00
    1.04937e+00
    9.07242e-01
    6.82622e-01
    4.88912e-01
    4.37526e-01
    5.50081e-01
    7.39265e-01
    9.07473e-01
    1.01849e+00
    1.06807e+00
    1.06201e+00
    9.79755e-01
    8.65817e-01
    8.19735e-01
    8.66642e-01
    9.53745e-01
    1.02657e+00
    1.08755e+00
    1.13219e+00
    1.14419e+00
    1.11699e+00
    1.03905e+00
    9.26724e-01
    8.55349e-01
    8.54425e-01
    8.40070e-01
    7.28992e-01
    6.16259e-01
    6.20490e-01
    6.83777e-01
    6.67621e-01
    5.57667e-01
    4.69644e-01
    4.92435e-01
    6.22876e-01
    7.92675e-01
    9.27232e-01
    1.00291e+00
    1.03925e+00
    7.50656e-01
    6.40097e-01
    9.50051e+04
    2.01803e+03
